01110
10001
11111
10001
10001

11110
10001
11110
10001
11110

01111
10000
10000
10000
01111

11110
10001
10001
10001
11110

11111
10000
11110
10000
11111

11111
10000
11110
10000
10000

01111
10000
10011
10001
11110

10001
10001
11111
10001
10001

11111
00100
00100
00100
11111

11111
00100
00100
00100
11000

10001
10011
11110
10011
10001

10000
10000
10000
10000
11111

10001
11011
10101
10001
10001

10001
11001
10101
10011
10001

01110
10001
10001
10001
01110

11110
10001
11110
10000
10000

01111
10001
10101
10010
01101

11110
10001
11110
10010
10001

01111
10000
11111
00001
11110

11111
00100
00100
00100
00100

10001
10001
10001
10001
11111

10001
10001
10001
01010
00100

10001
10001
10101
11011
10001

10001
01010
00100
01010
10001

10001
01010
00100
00100
00100

11111
00010
00100
01000
11111

11111
10011
10101
11001
11111

00100
01100
00100
00100
11111

11111
00001
11111
10000
11111

11111
00001
11111
00001
11111

10001
10001
11111
00001
00001

11111
10000
11110
00001
11110

01111
10000
11110
10001
11110

11111
00010
00100
01000
10000

11111
10001
11111
10001
11111

11111
10001
11111
00001
11111

01110
01110
00000
01110
01110
